[gd_scene load_steps=8 format=2]

[ext_resource path="res://data/npcs/devaun.gd" type="Script" id=1]
[ext_resource path="res://data/asset scenes/Character.tscn" type="PackedScene" id=2]
[ext_resource path="res://data/meshes/Oleg_animated.escn" type="PackedScene" id=3]

[sub_resource type="CubeMesh" id=1]

[sub_resource type="BoxShape" id=2]
extents = Vector3( 1, 1.83247, 1 )

[sub_resource type="BoxShape" id=3]
extents = Vector3( 1, 1.81521, 1 )

[sub_resource type="Skin" id=4]
bind_count = 31
bind/0/name = ""
bind/0/bone = 0
bind/0/pose = Transform( 1, 3.20884e-09, -7.67318e-08, 7.67988e-08, -0.0417824, 0.999127, 2.22045e-15, -0.999127, -0.0417824, 3.48608e-09, -0.0453923, 0.374193 )
bind/1/name = ""
bind/1/bone = 1
bind/1/pose = Transform( 1, -9.19755e-09, -1.07059e-07, 1.07454e-07, 0.0855953, 0.99633, 3.55271e-15, -0.99633, 0.0855954, 1.25517e-08, -0.11681, 0.554228 )
bind/2/name = ""
bind/2/bone = 2
bind/2/pose = Transform( 1, -1.59528e-08, -5.74301e-08, 5.96047e-08, 0.267644, 0.963518, 8.88179e-15, -0.963518, 0.267644, 1.56487e-08, -0.262542, 0.766819 )
bind/3/name = ""
bind/3/bone = 3
bind/3/pose = Transform( 1, 7.91452e-16, 4.31973e-15, 2.07206e-14, 2.98023e-08, 1, 1.40817e-15, -1, 5.96047e-08, -2.31741e-15, -2.92342e-08, 0.980937 )
bind/4/name = ""
bind/4/bone = 4
bind/4/pose = Transform( 1, 7.91451e-16, 7.67017e-16, 2.42733e-14, 2.98023e-08, 1, 1.40817e-15, -1, 5.96047e-08, -2.31741e-15, -2.92342e-08, 1.04203 )
bind/5/name = ""
bind/5/bone = 5
bind/5/pose = Transform( -0.398519, -0.91716, 5.97388e-08, 5.93839e-09, 1.36668e-08, 1, -0.91716, 0.398519, -1.20812e-08, 0.92309, -6.30454e-09, -0.292678 )
bind/6/name = ""
bind/6/bone = 6
bind/6/pose = Transform( -0.521104, -0.853493, -2.27243e-07, -0.0382178, 0.0233338, 0.998997, -0.852637, 0.520582, -0.0447779, 0.896343, -0.0114696, -0.255893 )
bind/7/name = ""
bind/7/bone = 7
bind/7/pose = Transform( -0.560451, -0.828187, 1.97921e-07, 4.61458e-08, 1.54601e-07, 1, -0.828188, 0.560451, -6.64649e-08, 0.889869, -0.00621631, -0.159258 )
bind/8/name = ""
bind/8/bone = 8
bind/8/pose = Transform( -0.544706, -0.838627, 4.65661e-08, 0.0219378, -0.0142491, 0.999658, -0.83834, 0.54452, 0.0261592, 0.890661, -0.00533659, -0.0336941 )
bind/9/name = ""
bind/9/bone = 9
bind/9/pose = Transform( -0.691477, -0.722398, -3.69735e-07, 0.012924, -0.0123714, 0.99984, -0.722282, 0.691367, 0.0178908, 0.88145, -0.00207226, -0.132349 )
bind/10/name = ""
bind/10/bone = 10
bind/10/pose = Transform( -0.707106, -0.707107, -6.03497e-07, -0.0147325, 0.0147315, 0.999783, -0.706954, 0.706953, -0.0208342, 0.879433, -0.00567408, -0.101819 )
bind/11/name = ""
bind/11/bone = 11
bind/11/pose = Transform( -0.805307, -0.592857, -2.68221e-07, -0.406034, 0.551536, 0.728659, -0.431991, 0.586795, -0.684877, 0.836916, -0.251307, -0.216451 )
bind/12/name = ""
bind/12/bone = 12
bind/12/pose = Transform( -0.773456, -0.63385, -7.89761e-07, -0.277806, 0.338993, 0.898837, -0.569727, 0.695211, -0.438284, 0.85087, -0.172643, -0.190388 )
bind/13/name = ""
bind/13/bone = 13
bind/13/pose = Transform( -0.398519, 0.91716, -6.1472e-08, 3.83153e-08, -3.20927e-08, 1, 0.91716, 0.398519, -8.09245e-09, -0.92309, 3.09982e-08, -0.292678 )
bind/14/name = ""
bind/14/bone = 14
bind/14/pose = Transform( -0.521105, 0.853492, 2.12341e-07, 0.0382178, 0.0233337, 0.998997, 0.852637, 0.520582, -0.0447779, -0.896343, -0.0114696, -0.255893 )
bind/15/name = ""
bind/15/bone = 15
bind/15/pose = Transform( -0.560451, 0.828187, -2.15075e-07, -3.16524e-08, 1.13243e-07, 1, 0.828187, 0.560451, -5.10852e-08, -0.889868, -0.00621628, -0.159258 )
bind/16/name = ""
bind/16/bone = 16
bind/16/pose = Transform( -0.544706, 0.838627, -6.51926e-08, -0.0219378, -0.0142491, 0.999658, 0.83834, 0.54452, 0.0261592, -0.890661, -0.00533656, -0.0336942 )
bind/17/name = ""
bind/17/bone = 17
bind/17/pose = Transform( -0.691477, 0.722398, 3.59491e-07, -0.012924, -0.0123714, 0.99984, 0.722282, 0.691367, 0.0178908, -0.88145, -0.00207222, -0.132349 )
bind/18/name = ""
bind/18/bone = 18
bind/18/pose = Transform( -0.707106, 0.707107, 5.92322e-07, 0.0147325, 0.0147315, 0.999784, 0.706954, 0.706953, -0.0208342, -0.879432, -0.00567405, -0.101819 )
bind/19/name = ""
bind/19/bone = 19
bind/19/pose = Transform( -0.805307, 0.592857, 1.04308e-07, 0.406034, 0.551536, 0.72866, 0.431991, 0.586795, -0.684877, -0.836916, -0.251307, -0.216451 )
bind/20/name = ""
bind/20/bone = 20
bind/20/pose = Transform( -0.773456, 0.63385, 6.85454e-07, 0.277807, 0.338993, 0.898837, 0.569727, 0.695211, -0.438284, -0.85087, -0.172643, -0.190388 )
bind/21/name = ""
bind/21/bone = 21
bind/21/pose = Transform( -0.981169, -0.193143, 1.86264e-09, -0.0309276, 0.157132, 0.987091, -0.19065, 0.968507, -0.160148, 0.201696, -0.126113, -0.346825 )
bind/22/name = ""
bind/22/bone = 22
bind/22/pose = Transform( -0.998486, -0.0549625, -1.93714e-07, 0.0108616, -0.197259, 0.98029, -0.0538779, 0.978809, 0.197556, 0.172369, -0.0498262, -0.237664 )
bind/23/name = ""
bind/23/bone = 23
bind/23/pose = Transform( -0.999998, 3.11415e-09, 1.60546e-07, 3.94342e-06, 0.0889317, 0.996036, 2.87465e-07, 0.996038, -0.0889321, 0.167516, -0.0756567, -0.0865035 )
bind/24/name = ""
bind/24/bone = 24
bind/24/pose = Transform( -0.999998, 3.48376e-05, 2.70911e-07, 3.55006e-05, 0.999972, 0.00751868, -3.74578e-06, 0.00751913, -0.99997, 0.167516, -0.0218409, 0.0738957 )
bind/25/name = ""
bind/25/bone = 25
bind/25/pose = Transform( -0.999998, 3.49529e-05, 2.71779e-07, 3.56159e-05, 0.999972, 0.00751867, -3.74578e-06, 0.00751912, -0.99997, 0.167516, -0.021841, 0.158935 )
bind/26/name = ""
bind/26/bone = 26
bind/26/pose = Transform( -0.981169, 0.193143, 5.02912e-08, 0.0309281, 0.157132, 0.987091, 0.19065, 0.968507, -0.160147, -0.201696, -0.126113, -0.346825 )
bind/27/name = ""
bind/27/bone = 27
bind/27/pose = Transform( -0.998486, 0.0549625, 1.8347e-07, -0.0108611, -0.197259, 0.98029, 0.0538781, 0.978809, 0.197557, -0.172369, -0.0498262, -0.237664 )
bind/28/name = ""
bind/28/bone = 28
bind/28/pose = Transform( -0.999998, 5.33385e-09, 1.43518e-07, -3.16911e-06, 0.0889318, 0.996036, -2.44397e-07, 0.996038, -0.0889321, -0.167517, -0.0756567, -0.0865035 )
bind/29/name = ""
bind/29/bone = 29
bind/29/pose = Transform( -0.999998, 3.48429e-05, 2.5454e-07, 3.42885e-05, 0.999972, 0.00751865, 3.2817e-06, 0.00751917, -0.99997, -0.167517, -0.0218292, 0.0738957 )
bind/30/name = ""
bind/30/bone = 30
bind/30/pose = Transform( -0.999998, 3.49582e-05, 2.55407e-07, 3.44039e-05, 0.999972, 0.00751864, 3.2817e-06, 0.00751916, -0.99997, -0.167517, -0.0218292, 0.158935 )

[node name="npc" type="StaticBody"]
script = ExtResource( 1 )

[node name="Oleg_animated" parent="." instance=ExtResource( 3 )]
transform = Transform( -1, 0, -1.50996e-07, 0, 1, 0, 1.50996e-07, 0, -1, 0, 0, 0 )

[node name="npc_mesh" type="MeshInstance" parent="."]
transform = Transform( 1, 0, 0, 0, 1, 0, 0, 0, 1, 0, -0.184989, 0 )
visible = false
mesh = SubResource( 1 )
material/0 = null

[node name="npc_trigger" type="Area" parent="."]
transform = Transform( 1.01, 0, 0, 0, 1.01, 0, 0, 0, 1.01, 0, 0, 0 )
angular_damp = 1.0
priority = 5.0

[node name="CollisionShape" type="CollisionShape" parent="npc_trigger"]
transform = Transform( 1, 0, 0, 0, 1, 0, 0, 0, 1, 0, 1.07479, 0 )
shape = SubResource( 2 )

[node name="CollisionShape" type="CollisionShape" parent="."]
transform = Transform( 1, 0, 0, 0, 1, 0, 0, 0, 1, 0, 1.09733, 0 )
shape = SubResource( 3 )

[node name="Character" parent="." instance=ExtResource( 2 )]

[node name="lp_guy" parent="Character" index="0"]
visible = false

[node name="lp_guy_mesh" parent="Character/lp_guy/Skeleton" index="0"]
skin = SubResource( 4 )

[node name="AnimationPlayer" parent="Character" index="1"]
autoplay = "Idle-loop"

[connection signal="input_event" from="npc_trigger" to="." method="_on_npc_trigger_input_event"]
[connection signal="mouse_entered" from="npc_trigger" to="." method="_on_npc_trigger_mouse_enter"]
[connection signal="mouse_exited" from="npc_trigger" to="." method="_on_npc_trigger_mouse_exit"]

[editable path="Character"]
